$ANSIBLE_VAULT;1.1;AES256
34323062386235656337343035313061306538333433663436653438646336626664343130363930
6331663834366564343336393038323631613363633131300a353562643266653561366330633837
36376662346563303332373463313735316635656561636466376535386435663439396438613334
3863343335306132320a656136653836613539346238306632666238646138363134336138646665
63626635663537646237313033363864643861353934383136356664346637346462636263316562
39336630366331306436613833333831646261643761353964636638383965633432383466326166
63636266626631636130656165313866653964616331316566623065666164646236303166633864
61306565346531373862393330633762343366356366636538616464363730343930366133666236
34313162393839353137613066623639303161393433313465303132373231383035373661353466
30323337386564613739326165313832343139613339363938653435623834353335376365323166
37623762316438316339663836663937313962306438326436396532373335356136613033303461
37353130336366353431653161663831383633316531383034376561653735396239313536663235
32363161653639363036336639623431666264313966646266656339306666386631636639633331
38313532636139623737316661363935313562396366393230326232373438356631313531366163
65336463366132363933373534633038633939303237393435636435316464303635373264643165
35633934323934363636626361383430333362663966633130646434663834353066316265346635
36313363663936363630333463656434386631636631646366643866393735633839323630643661
66323138323265623038396262323265643734613366373164656336653435653761663464306465
31666464326530613639336435656434383035646131343130383939636634336336366236623830
38316465323366326631346132613730313661633265633131666535303432636662373266363430
36666536366561303736323364313364333466633637386133353966633131643961623964353961
61623061323537663864343963666665363438316337643837323933653431633364356366306435
33366131313763626466336537643839373537626634386334353437663633633266386363613363
36373331393638386635663362376133623438396236663062383333313138333034613761366163
3034
